$SPEC_ID:
No sample description was entered.
$SPEC_REM:
DET# 1
DETDESC# MCB 337
AP# Maestro Version 6.06
$DATE_MEA:
11/27/2018 10:23:36
$MEAS_TIM:
300 313
$DATA:
0 1023
    1727
    2988
    2951
    4564
    8099
    6927
    3415
    2179
    2034
    1919
    1980
    1837
    1851
    1860
    1839
    1867
    2267
    5934
    8616
    4599
    1937
    1618
    1620
    1659
    1622
    1565
    1505
    1547
    1513
    1513
    1447
    1458
    1408
    1352
    1387
    1374
    1265
    1290
    1276
    1284
    1247
    1237
    1154
    1120
    1160
    1096
    1186
    1081
    1049
    1042
    1031
    1024
    1010
    1022
    1003
     997
     975
     934
     952
     956
     973
     935
     863
     922
     893
     883
     907
     817
     889
     853
     815
     891
     815
     864
     760
     811
     812
     794
     828
     792
     801
     806
     776
     759
     797
     758
     795
     730
     733
     779
     742
     723
     739
     757
     736
     712
     739
     738
     703
     752
     702
     755
     697
     705
     760
     707
     717
     689
     660
     699
     738
     743
     669
     678
     717
     701
     725
     746
     688
     671
     741
     739
     705
     710
     703
     735
     735
     762
     751
     760
     763
     724
     724
     758
     709
     734
     698
     706
     762
     772
     770
     797
     788
     799
     755
     820
     749
     795
     842
     819
     882
     825
     844
     833
     861
     833
     815
     834
     869
     902
     894
     850
     808
     853
     832
     829
     785
     836
     736
     788
     770
     750
     714
     706
     694
     651
     668
     651
     646
     625
     608
     572
     527
     517
     494
     496
     468
     463
     416
     400
     397
     434
     343
     324
     354
     340
     309
     318
     299
     290
     308
     287
     255
     257
     233
     209
     218
     220
     224
     208
     183
     178
     168
     186
     172
     164
     153
     159
     155
     143
     158
     158
     136
     118
     125
     124
     111
     117
     126
     126
     126
     121
     106
     116
     126
     113
     110
      93
      97
      99
     110
      90
      87
     100
      83
      77
      91
      87
      89
      91
     103
      92
      79
      89
      89
      93
     107
      86
      80
      89
      84
      69
     103
      87
      70
      82
      76
      89
      96
      75
      83
      98
      74
      76
      82
      86
      82
      78
      86
      96
      84
      88
      78
      86
     108
      78
      91
      80
      87
      82
      72
      77
      82
      97
      88
      77
      62
      81
      90
      67
      77
      81
      78
      80
      84
      70
      65
      77
      82
      72
      83
      63
      82
      75
      81
      84
      78
      70
      83
      69
      90
      62
      72
      80
      74
      70
      76
      75
      85
      78
      82
      89
      79
      80
      82
      85
      93
      76
      73
      73
      81
      69
      75
      77
      79
      70
      69
      79
      83
      73
      88
      80
      58
      82
      45
      70
      80
      73
      88
      86
      62
      80
      57
      77
      71
      78
      57
      76
      75
      72
      74
      74
      88
      81
      87
      66
      76
      74
      77
      84
      77
      68
      75
      76
      77
      76
      54
      81
      71
      76
      82
      76
      63
      48
      87
      86
      55
      76
      65
      76
      56
      61
      83
      72
      87
      88
      82
      80
      84
      61
      85
      82
      66
      89
      78
      72
      65
      72
      73
      67
      71
      66
      88
      75
      78
      86
      88
      74
      73
      67
      83
      68
      91
      60
      62
      82
      94
      80
      74
      75
      66
      89
      81
      79
      82
      85
      80
      90
      84
      81
      86
      86
      81
      88
      82
      73
      67
      97
      71
      78
      89
      78
      69
      67
      79
      70
      85
      85
      80
      64
      71
      73
      79
      73
      80
      83
      73
      78
      83
      77
      93
      73
      79
      79
      82
      78
      95
      88
      85
      96
      92
      87
      99
      90
      73
      88
      93
      81
     105
      92
      98
      85
      84
      84
      98
      86
      95
      78
      94
      88
      83
      85
      88
     107
      90
      82
      89
      78
      98
     102
      94
      82
      96
     102
      95
      92
      99
      89
      84
      93
      97
      98
     101
     119
     109
      94
      89
     101
     109
     103
      94
      97
      97
     100
      88
      94
      92
     112
      99
      94
     103
      85
      84
      87
     101
     104
     104
     107
      83
     109
      90
      85
      95
      78
     101
      94
      86
      92
      96
      93
      91
      88
      83
      97
      94
     108
      82
      85
      72
     101
      82
      74
      78
      88
      77
      78
      77
      78
     113
      69
      72
      68
      84
      51
      52
      75
      71
      70
      59
      55
      52
      68
      58
      58
      58
      69
      49
      60
      60
      46
      43
      60
      64
      60
      50
      40
      37
      38
      43
      39
      46
      35
      39
      34
      30
      29
      35
      42
      41
      28
      36
      35
      33
      41
      26
      33
      33
      35
      27
      25
      17
      16
      30
      27
      26
      27
      24
      30
      29
      29
      27
      23
      26
      24
      10
      21
      14
      16
      24
      17
      15
      10
      17
      14
      19
      14
      17
      18
      25
      19
      11
      16
      11
       8
      11
      16
      10
      12
       8
      10
      11
      19
       8
       7
       7
       7
       8
       6
       4
      12
       3
       9
       8
       6
       7
       8
       7
       5
       4
      10
       6
       3
       5
       3
       6
       7
       7
       6
      10
       6
       5
       3
       2
       1
       8
       2
       3
       2
       3
       7
       3
       3
       3
       3
       3
       3
       1
       3
       2
       0
       2
       5
       1
       3
       1
       0
       1
       1
       3
       1
       3
       1
       1
       2
       3
       0
       3
       4
       1
       1
       1
       2
       0
       0
       1
       2
       1
       0
       0
       1
       1
       1
       1
       0
       1
       2
       1
       1
       1
       0
       1
       1
       0
       0
       0
       1
       1
       0
       0
       0
       1
       2
       0
       0
       0
       0
       0
       1
       0
       0
       1
       0
       1
       0
       0
       1
       0
       0
       0
       0
       0
       0
       0
       0
       0
       0
       1
       0
       0
       0
       0
       0
       0
       1
       0
       0
       0
       0
       0
       0
       0
       0
       0
       0
       1
       0
       0
       0
       0
       0
       0
       0
       0
       0
       0
       0
       0
       0
       1
       0
       0
       0
       0
       0
       1
       0
       0
       0
       0
       0
       0
       0
       0
       0
       0
       0
       0
       0
       0
       0
       0
       0
       0
       0
       0
       0
       0
       0
       0
       0
       0
       0
       2
       0
       0
       0
       0
       0
       0
       0
       1
       0
       0
       0
       0
       0
       0
       1
       0
       0
       0
       0
       0
       1
       0
       0
       0
       0
       0
       0
       0
       0
       0
       0
       0
       0
       0
       1
       0
       0
       0
       0
       0
       0
       0
       0
       0
       0
       0
       0
       0
       0
       0
       0
       0
       0
       0
       0
       0
       2
       0
       0
       0
       0
       0
       0
       0
       0
       0
       0
       0
       0
       0
       1
       0
       1
       0
       0
       0
       0
       0
       0
       0
       0
       0
       0
       0
       0
       0
       0
       0
       0
       0
       0
       0
       0
       0
       0
       0
       1
       0
       0
       0
       0
       0
       0
       0
       0
       1
       0
       0
       0
       0
       0
       0
       0
       0
       0
       0
       0
       1
       0
       0
       0
       0
       0
       0
       1
       0
       0
       0
       0
       0
       0
       0
       0
       0
       1
       1
       0
       0
       1
       0
       1
       0
       0
       0
       0
       0
       0
       0
       0
       0
       0
$ROI:
0
$PRESETS:
Live Time
300
0
$ENER_FIT:
0.000000 0.000000
$MCA_CAL:
3
0.000000E+000 0.000000E+000 0.000000E+000 
$SHAPE_CAL:
3
0.000000E+000 0.000000E+000 0.000000E+000
