$SPEC_ID:
No sample description was entered.
$SPEC_REM:
DET# 1
DETDESC# MCB 337
AP# Maestro Version 6.06
$DATE_MEA:
11/27/2018 10:12:11
$MEAS_TIM:
300 316
$DATA:
0 1023
    2872
    4257
    3459
    3583
    5736
    7746
    5703
    2993
    2114
    1858
    1844
    1775
    1795
    1744
    1780
    1808
    3038
    6477
    7179
    3794
    1904
    1568
    1463
    1497
    1479
    1436
    1478
    1425
    1450
    1418
    1384
    1406
    1314
    1400
    1378
    1394
    1335
    1285
    1275
    1369
    1316
    1274
    1253
    1231
    1210
    1193
    1242
    1217
    1215
    1230
    1181
    1185
    1199
    1093
    1147
    1150
    1120
    1115
    1095
    1109
     985
    1059
    1014
    1045
    1006
     973
     997
     932
     987
     962
    1023
     937
     991
     973
     980
     915
     882
     874
     930
     899
     906
     874
     882
     865
     840
     835
     828
     834
     823
     848
     826
     832
     793
     837
     767
     791
     833
     775
     738
     809
     794
     763
     806
     781
     772
     767
     766
     758
     758
     782
     729
     784
     743
     763
     730
     758
     754
     756
     718
     730
     751
     766
     727
     711
     766
     681
     695
     705
     716
     683
     723
     729
     652
     681
     650
     724
     720
     686
     661
     716
     683
     683
     675
     646
     660
     655
     720
     662
     667
     699
     674
     662
     657
     691
     669
     639
     630
     667
     644
     602
     601
     687
     699
     689
     652
     699
     653
     659
     679
     606
     673
     667
     639
     648
     647
     666
     657
     654
     666
     658
     691
     664
     646
     710
     650
     669
     654
     712
     652
     659
     648
     721
     675
     681
     707
     729
     729
     691
     674
     710
     651
     694
     675
     688
     683
     738
     756
     647
     653
     760
     735
     717
     673
     681
     698
     719
     750
     746
     746
     737
     759
     738
     727
     688
     727
     761
     733
     765
     740
     725
     722
     759
     736
     763
     700
     772
     739
     727
     714
     757
     716
     684
     638
     682
     655
     695
     679
     639
     628
     641
     597
     558
     599
     599
     576
     551
     556
     496
     520
     516
     517
     466
     489
     489
     489
     450
     461
     449
     415
     435
     391
     406
     377
     368
     353
     348
     368
     293
     342
     329
     314
     344
     307
     287
     286
     276
     269
     273
     282
     257
     273
     255
     233
     246
     246
     219
     229
     222
     206
     188
     214
     192
     211
     198
     218
     176
     197
     177
     190
     178
     154
     184
     165
     161
     177
     161
     148
     160
     167
     140
     149
     134
     144
     146
     150
     124
     122
     128
     125
     124
     118
     124
     117
     132
     113
     120
     116
     122
     117
     124
     123
     123
     122
     108
     111
     116
     100
     122
     107
     101
     125
      98
      96
     105
     110
      98
      92
     106
      92
     111
      94
     102
      98
      95
      99
      99
      98
      95
     103
      96
     107
     109
     112
     103
      96
      89
      97
     103
     113
      89
      90
      97
     103
      93
      85
      92
      91
      91
      79
     100
     102
     104
      90
     104
      96
      99
      74
      92
      97
      82
      84
      93
      82
      96
     104
      94
      83
      91
      97
      82
      86
      90
      71
      81
      96
     100
      86
      89
      88
      88
      98
      79
      94
      93
      91
      89
      86
      88
      89
      89
      88
      92
      79
      78
      74
      80
      93
      96
      87
      77
      60
      83
      80
      67
      90
      86
      91
      85
      71
      93
      85
     101
      90
      84
      87
      83
      85
      72
      85
      98
      94
      93
      84
      86
      88
      84
      76
      69
      89
      84
      86
      71
      83
     110
      75
      88
      97
      99
      90
     101
      95
      78
      81
      98
      80
      81
     101
      85
      90
      85
      77
      91
      81
      71
      76
      81
      80
      89
      90
      79
      65
      98
      72
      85
      64
      89
      82
      79
      78
      90
      82
      80
      95
      82
      73
      76
      92
      79
      68
      95
      83
      87
      76
      91
      59
      69
      92
      92
      89
      72
      90
      89
      85
      76
      75
      71
      73
      74
      89
      88
      88
      93
      68
      80
      92
      75
      89
      74
      85
      83
      95
      95
      61
      87
      75
      83
      75
      86
      82
      78
      70
      69
      84
      80
      76
      86
      84
      81
      71
      71
      84
      91
      88
      79
      83
      87
      82
      94
      73
      74
      80
      74
      74
      74
      79
      91
      77
      81
      83
      85
      77
      85
      98
      69
      85
      63
      81
      75
      73
      77
      82
      82
      87
      69
      80
      75
      78
      67
      91
     103
      93
      76
      73
      83
      70
      80
      80
      78
      72
      93
      74
      88
      95
      80
      76
      73
      75
      78
      89
      89
      90
      96
      76
      80
      88
      73
      78
      82
      86
      80
      85
      64
      68
      86
      74
      81
      99
      84
      84
      81
      72
      65
      82
      93
      97
      75
     101
     113
      77
      76
      91
      74
      91
      83
      79
      77
      88
      83
      79
      89
      63
      78
      84
      75
     105
      78
      92
      82
      88
      81
     114
      81
      81
      82
      85
      78
      93
     105
      84
      97
      81
      93
      84
     100
      90
      92
      94
      98
     103
      95
      90
     108
      92
      98
      92
      93
      81
     105
     115
      84
      71
      85
      91
      90
     100
     104
      83
     101
     101
      92
      81
      93
     100
     105
      84
     106
      95
     102
      97
      97
      86
     102
      89
      95
      90
      69
      95
      86
     101
      99
      93
     105
     100
      93
      91
     125
      91
     115
     103
     106
     115
     118
     121
     110
     106
     100
      97
      98
     107
     107
      98
     109
     101
     104
      98
     119
     122
      79
     115
     122
      99
     113
     114
     123
     111
     106
      98
      88
     111
     114
     116
     118
      99
     114
      91
      79
      99
      90
      91
     112
     112
     123
     103
     123
      88
     109
     100
     101
      99
     101
      99
      94
      92
     110
     100
      83
      80
      94
      91
     105
      91
      92
      93
      79
      68
      82
      94
      99
      87
      81
     100
      97
      80
      95
      86
      82
      72
      79
      84
      87
      88
      61
     100
      88
      96
      87
      80
     101
      58
      67
      72
      79
      68
      69
      75
      66
      70
      74
      70
      77
      74
      63
      64
      69
      61
      74
      53
      74
      65
      58
      51
      45
      69
      56
      67
      63
      44
      59
      48
      42
      46
      39
      59
      52
      64
      49
      53
      54
      43
      55
      43
      39
      52
      44
      32
      37
      41
      37
      44
      38
      43
      38
      34
      33
      36
      31
      44
      41
      35
      32
      48
      31
      38
      27
      35
      31
      39
      29
      36
      38
      33
      26
      25
      27
      28
      38
      22
      33
      19
      16
      19
      31
      20
      29
      26
      33
      23
      33
      22
      23
      22
      25
      24
      25
      19
      25
      16
      21
      12
      17
      20
      18
      19
      21
      14
      23
      15
      19
      12
      19
      13
      19
      16
      16
      16
      10
      16
       7
      10
      10
       8
      19
      11
      11
       9
      16
      15
       6
      10
       9
      10
       9
      11
       6
      15
      15
       6
      13
      14
      12
      10
       9
      14
      13
      11
      11
      14
       9
       4
       6
       8
       6
       7
       5
       6
       9
      11
       9
       8
       2
       4
      26
      26
      15
      21
      14
      20
      14
      18
      16
      14
      16
      12
      13
      10
      13
      16
      12
       9
       9
       6
      10
       1
      11
$ROI:
0
$PRESETS:
Live Time
300
0
$ENER_FIT:
0.000000 0.000000
$MCA_CAL:
3
0.000000E+000 0.000000E+000 0.000000E+000 
$SHAPE_CAL:
3
0.000000E+000 0.000000E+000 0.000000E+000