$SPEC_ID:
No sample description was entered.
$SPEC_REM:
DET# 1
DETDESC# MCB 337
AP# Maestro Version 6.06
$DATE_MEA:
11/27/2018 12:50:52
$MEAS_TIM:
43200 43200
$DATA:
0 8191
     375
     330
     299
     324
     322
     345
     349
     350
     323
     344
     334
     367
     325
     332
     319
     339
     329
     312
     361
     327
     310
     320
     367
     324
     325
     297
     293
     301
     327
     324
     300
     308
     320
     282
     314
     273
     297
     307
     308
     300
     293
     307
     312
     260
     274
     252
     256
     314
     269
     279
     307
     269
     268
     257
     261
     264
     296
     289
     276
     254
     253
     224
     279
     260
     272
     262
     256
     248
     231
     231
     266
     248
     257
     232
     257
     213
     257
     244
     249
     216
     238
     235
     213
     239
     257
     228
     240
     228
     198
     191
     207
     217
     241
     191
     209
     191
     232
     196
     201
     207
     227
     239
     201
     212
     202
     212
     217
     240
     217
     203
     210
     202
     179
     215
     197
     211
     214
     187
     188
     181
     188
     196
     195
     190
     218
     196
     176
     170
     191
     140
     152
     159
     198
     187
     186
     157
     186
     178
     168
     175
     171
     170
     154
     164
     176
     172
     162
     168
     201
     151
     175
     154
     140
     168
     142
     142
     154
     151
     124
     146
     155
     125
     144
     146
     152
     158
     135
     109
     136
     154
     141
     134
     120
     115
     136
     151
     141
     139
     132
     132
     141
     123
     136
     133
     148
     128
     129
     118
     123
     128
     129
     115
     102
     120
     120
     111
     109
     123
     123
     119
     129
     125
     112
     118
     110
     112
      99
     115
     101
     109
     104
      99
     123
     106
      91
      88
      92
      95
      76
      86
      98
      93
      96
      86
      98
      97
      95
      96
      99
      84
      79
      83
      69
      98
      82
      72
     101
      75
     101
      68
      84
      97
      74
      99
      72
      94
      64
      79
      88
      79
      87
      86
      75
      86
      81
      67
      80
      72
      71
      77
      64
      63
      73
      62
      69
      57
      74
      63
      66
      53
      67
      60
      63
      57
      56
      66
      62
      55
      45
      45
      64
      57
      50
      56
      49
      46
      51
      49
      53
      49
      45
      45
      56
      39
      52
      41
      57
      49
      45
      44
      42
      50
      46
      38
      44
      33
      37
      46
      46
      30
      30
      36
      44
      40
      31
      31
      46
      52
      34
      28
      27
      32
      28
      36
      35
      31
      28
      38
      34
      37
      33
      28
      34
      28
      24
      22
      25
      36
      23
      27
      26
      18
      25
      27
      20
      16
      27
      22
      20
      28
      13
      15
      26
      32
      20
      26
      20
      29
      14
      25
      17
      23
      19
      29
      16
      15
      21
      18
      21
      21
      15
      14
      17
      24
      13
      17
      13
      13
      19
      15
      17
      18
      14
       8
      10
      14
      17
      13
      20
      15
      15
      11
      18
      11
      15
      16
       9
      11
      15
      15
      10
      11
      15
      11
      15
$ROI:
0
$PRESETS:
Live Time
43200
0
$ENER_FIT:
0.000000 0.000000
$MCA_CAL:
3
0.000000E+000 0.000000E+000 0.000000E+000 
$SHAPE_CAL:
3
0.000000E+000 0.000000E+000 0.000000E+000
