$SPEC_ID:
No sample description was entered.
$SPEC_REM:
DET# 1
DETDESC# MCB 337
AP# Maestro Version 6.06
$DATE_MEA:
11/27/2018 11:02:27
$MEAS_TIM:
300 311
$DATA:
0 1023
       7
       9
      22
      22
      18
      32
      46
      63
     126
     258
     495
     804
    1140
    1321
    1471
    1572
    1569
    1669
    1625
    1661
    1692
    1670
    1546
    1580
    1578
    1592
    1561
    1505
    1478
    1574
    1414
    1491
    1370
    1393
    1415
    1314
    1310
    1331
    1240
    1282
    1195
    1222
    1219
    1164
    1181
    1106
    1212
    1125
    1116
    1088
    1038
    1043
    1063
    1024
    1041
     988
     985
     970
     970
     964
     882
     962
     938
     932
     913
     903
     873
     910
     912
     840
     872
     892
     821
     848
     793
     787
     825
     778
     743
     811
     803
     777
     787
     800
     730
     744
     748
     726
     743
     751
     806
     743
     736
     735
     772
     742
     708
     717
     735
     734
     735
     740
     761
     733
     680
     738
     729
     664
     656
     702
     702
     719
     693
     732
     716
     728
     682
     684
     731
     674
     717
     693
     733
     711
     653
     678
     660
     738
     701
     723
     705
     702
     758
     730
     707
     786
     740
     728
     722
     803
     744
     787
     787
     750
     774
     760
     792
     801
     798
     824
     843
     868
     783
     836
     835
     818
     814
     860
     821
     881
     806
     797
     898
     782
     839
     824
     745
     855
     738
     752
     731
     751
     744
     688
     735
     651
     698
     608
     597
     561
     598
     583
     536
     563
     547
     521
     487
     461
     445
     427
     407
     402
     385
     341
     352
     332
     314
     313
     306
     318
     292
     268
     255
     226
     236
     258
     247
     232
     211
     203
     188
     169
     186
     201
     193
     191
     148
     154
     162
     134
     138
     147
     143
     144
     112
     143
     136
     131
     120
     127
     121
     134
     107
      96
     122
     107
     102
     104
      97
     116
      88
     104
     110
     101
      92
      79
      95
      92
      88
      94
      88
      92
      83
     101
      89
      85
     102
      80
      88
      86
      71
      83
      86
      87
      84
     101
      91
      81
      89
      89
      89
      75
      86
      76
      81
      81
      63
      93
      82
      72
      94
      80
      64
      76
      81
      75
      98
      86
      92
      86
      79
      70
      83
      92
      81
      86
      79
      85
      96
      77
      74
      84
      72
      63
      78
      75
      87
      67
      83
      87
      90
      96
      77
      82
      71
      69
      73
      82
      71
      80
      72
      88
      74
      72
      94
      81
      80
      66
      73
      75
      58
      85
      93
      68
      75
      70
      58
      82
      89
      96
      74
      69
      78
      82
      55
      79
      85
      81
      71
      86
      82
      85
      75
      61
      78
      88
      76
      74
      63
      69
      62
      68
      79
      74
      61
      82
      86
      71
      67
      72
      81
      64
      82
      67
      59
      64
      83
      84
      82
      72
      83
      77
      82
      80
      77
      81
      78
      67
      74
      91
      69
      71
      78
      72
      69
      67
      61
      87
      79
      55
      68
      70
      57
      66
      55
      67
      51
      55
      61
      48
      54
      49
      46
      41
      33
      36
      37
      28
      13
      28
      22
      23
      18
      15
      13
      16
       6
       9
       9
       5
       9
       3
       3
       6
       6
       0
       0
       2
       1
       0
       2
       1
       3
       0
       1
       2
       1
       0
       0
       0
       2
       1
       1
       1
       1
       0
       1
       1
       0
       1
       1
       1
       2
       0
       1
       0
       1
       1
       2
       0
       0
       1
       0
       1
       1
       0
       1
       1
       0
       4
       1
       2
       0
       1
       0
       2
       0
       1
       0
       0
       1
       0
       1
       0
       0
       1
       0
       1
       1
       1
       0
       0
       0
       0
       1
       0
       0
       2
       0
       0
       0
       0
       1
       0
       1
       0
       1
       2
       0
       0
       1
       2
       1
       2
       0
       0
       0
       3
       1
       0
       3
       3
       0
       1
       1
       0
       0
       1
       1
       1
       1
       1
       2
       1
       0
       0
       0
       1
       2
       0
       0
       0
       0
       0
       0
       0
       1
       0
       1
       0
       0
       2
       0
       1
       0
       1
       2
       0
       2
       0
       0
       2
       2
       1
       0
       0
       2
       0
       2
       0
       1
       1
       0
       1
       2
       1
       1
       0
       2
       1
       0
       0
       3
       0
       4
       0
       1
       3
       1
       1
       1
       2
       1
       0
       0
       0
       0
       0
       0
       4
       1
       2
       0
       0
       2
       0
       0
       1
       0
       0
       1
       0
       0
       2
       0
       0
       0
       0
       2
       3
       0
       2
       0
       0
       2
       2
       1
       1
       0
       0
       1
       2
       0
       1
       0
       0
       1
       0
       0
       1
       0
       0
       0
       0
       0
       0
       3
       0
       1
       1
       1
       0
       1
       1
       0
       1
       1
       0
       0
       2
       0
       0
       0
       0
       0
       0
       0
       0
       2
       0
       0
       0
       0
       1
       0
       0
       1
       0
       1
       0
       0
       0
       0
       0
       0
       0
       0
       0
       1
       1
       0
       2
       1
       0
       1
       0
       0
       0
       1
       1
       0
       0
       0
       0
       1
       0
       1
       0
       1
       0
       0
       0
       1
       0
       0
       0
       1
       1
       0
       0
       0
       0
       0
       0
       1
       0
       0
       0
       0
       0
       0
       0
       0
       0
       0
       0
       0
       1
       0
       1
       0
       0
       0
       0
       0
       0
       0
       0
       0
       0
       0
       0
       0
       0
       0
       0
       0
       0
       0
       0
       0
       0
       2
       0
       0
       0
       0
       0
       0
       0
       0
       0
       0
       0
       0
       0
       0
       0
       0
       0
       0
       0
       0
       1
       1
       0
       0
       0
       0
       0
       0
       0
       0
       0
       0
       0
       0
       0
       0
       1
       0
       0
       2
       0
       0
       0
       0
       0
       0
       0
       0
       0
       0
       0
       0
       0
       0
       0
       0
       0
       1
       0
       0
       0
       0
       0
       0
       0
       0
       1
       0
       0
       0
       0
       1
       0
       0
       0
       0
       0
       0
       0
       0
       0
       0
       0
       0
       1
       0
       0
       1
       0
       0
       0
       0
       0
       0
       0
       0
       0
       0
       0
       0
       0
       0
       0
       0
       0
       0
       0
       1
       0
       0
       0
       0
       0
       0
       0
       0
       0
       0
       0
       0
       0
       0
       0
       0
       0
       0
       0
       0
       0
       1
       0
       0
       0
       0
       0
       0
       0
       0
       0
       0
       0
       0
       0
       0
       0
       0
       0
       0
       0
       0
       0
       0
       0
       0
       0
       0
       0
       0
       0
       0
       0
       0
       0
       0
       0
       0
       0
       0
       0
       0
       0
       0
       0
       0
       0
       0
       0
       0
       0
       0
       0
       0
       0
       1
       0
       0
       0
       0
       0
       0
       0
       0
       0
       0
       0
       0
       0
       0
       0
       0
       0
       0
       0
       0
       0
       0
       0
       0
       0
       0
       0
       0
       0
       0
       0
       1
       0
       0
       0
       0
       0
       0
       0
       0
       0
       0
       0
       0
       0
       0
       0
       0
       0
       0
       0
       0
       0
       0
       0
       0
       0
       0
       0
       0
       0
       0
       0
       0
       0
       0
       0
$ROI:
0
$PRESETS:
Live Time
300
0
$ENER_FIT:
0.000000 0.000000
$MCA_CAL:
3
0.000000E+000 0.000000E+000 0.000000E+000 
$SHAPE_CAL:
3
0.000000E+000 0.000000E+000 0.000000E+000
