$SPEC_ID:
No sample description was entered.
$SPEC_REM:
DET# 1
DETDESC# MCB 337
AP# Maestro Version 6.06
$DATE_MEA:
11/27/2018 11:14:41
$MEAS_TIM:
300 312
$DATA:
0 1023
       7
       9
      22
      22
      18
      32
      46
      63
     126
     258
     495
     804
    1140
    1321
    1471
    1572
    1569
    1669
    1625
    1661
    1692
    1670
    1546
    1580
    1578
    1592
    1561
    1505
    1478
    1574
    1414
    1491
    1370
    1393
    1415
    1314
    1310
    1331
    1240
    1282
    1195
    1222
    1219
    1164
    1181
    1106
    1212
    1125
    1116
    1088
    1038
    1043
    1063
    1024
    1041
     988
     985
     970
     970
     964
     882
     962
     938
     932
     913
     903
     873
     910
     912
     840
     872
     892
     821
     848
     793
     787
     825
     778
     743
     811
     803
     777
     787
     800
     730
     744
     748
     726
     743
     751
     806
     743
     736
     735
     772
     742
     708
     717
     735
     734
     735
     740
     761
     733
     680
     738
     729
     664
     656
     702
     702
     719
     693
     732
     716
     728
     682
     684
     731
     674
     717
     693
     733
     711
     653
     678
     660
     738
     701
     723
     705
     702
     758
     730
     707
     786
     740
     728
     722
     803
     744
     787
     787
     750
     774
     760
     792
     801
     798
     824
     843
     868
     783
     836
     835
     818
     814
     860
     821
     881
     806
     797
     898
     782
     839
     824
     745
     855
     738
     752
     731
     751
     744
     688
     735
     651
     698
     608
     597
     561
     598
     583
     536
     563
     547
     521
     487
     461
     445
     427
     407
     402
     385
     341
     352
     332
     314
     313
     306
     318
     292
     268
     255
     226
     236
     258
     247
     232
     211
     203
     188
     169
     186
     201
     193
     191
     148
     154
     162
     134
     138
     147
     143
     144
     112
     143
     136
     131
     120
     127
     121
     134
     107
      96
     122
     107
     102
     104
      97
     116
      88
     104
     110
     101
      92
      79
      95
      92
      88
      94
      88
      92
      83
     101
      89
      85
     102
      80
      88
      86
      71
      83
      86
      87
      84
     101
      91
      81
      89
      89
      89
      75
      86
      76
      81
      81
      63
      93
      82
      72
      94
      80
      64
      76
      81
      75
      98
      86
      92
      86
      79
      70
      83
      92
      81
      86
      79
      85
      96
      77
      74
      84
      72
      63
      78
      75
      87
      67
      83
      87
      90
      96
      77
      82
      71
      69
      73
      82
      71
      80
      72
      88
      74
      72
      94
      81
      80
      66
      73
      75
      58
      85
      93
      68
      75
      70
      58
      82
      89
      96
      74
      69
      78
      82
      55
      79
      85
      81
      71
      86
      82
      85
      75
      61
      78
      88
      76
      74
      63
      69
      62
      68
      79
      74
      61
      82
      86
      71
      67
      72
      81
      64
      82
      67
      59
      64
      83
      84
      82
      72
      83
      77
      82
      80
      77
      81
      78
      67
      74
      91
      69
      71
      78
      72
      69
      67
      61
      87
      79
      55
      68
      70
      57
      66
      55
      67
      51
      55
      61
      48
      54
      49
      46
      41
      33
      36
      37
      28
      13
      28
      22
      23
      18
      15
      13
      16
      15
       6
      11
      11
       4
      15
      25
      27
      18
      14
      32
      37
      40
      40
      36
      48
      51
      48
      45
      58
      60
      62
      54
      64
      62
      74
      68
      88
      73
      84
      67
      63
      83
      89
      86
      85
      94
      78
      89
      75
      71
      72
      74
      75
      87
      81
      83
      84
      69
      92
      97
      67
      89
      77
      86
      79
      83
      86
      74
      74
      83
      77
      92
      85
      78
      75
      85
      79
      75
      97
      93
      81
      95
      75
      91
      81
      65
      83
      84
      92
      84
      84
      86
      94
      73
      81
      85
      81
      82
      77
      67
      95
      66
      93
      94
      69
      90
      84
     106
      84
      78
      92
      84
      75
      71
      79
      82
      82
      82
      76
      74
      87
      83
      91
      92
      62
      78
      92
      88
      71
      64
      69
      73
      88
      94
      82
      74
      69
      91
      81
      68
      85
      79
      84
      84
      87
      75
      64
     101
      71
      73
      73
      80
      68
      87
      80
      73
      81
      81
      67
      79
      62
      71
      81
      89
      73
      77
      78
      72
      78
      82
      87
      87
      96
      85
      79
      73
      93
      93
      82
      77
     103
      87
      76
      82
      83
      67
      65
      73
      81
      74
      85
      88
      77
      68
      89
      74
      99
      76
      96
      90
      70
      86
      64
      87
      93
      66
      77
      79
      91
      66
      74
      76
      77
      87
      91
      82
      62
      86
      78
      89
      62
      76
      71
      74
      82
      87
      73
      96
      96
      85
      88
      89
      67
      78
      78
     100
      88
      79
      81
      82
      67
      74
      82
      76
      75
      85
      93
      71
      82
      82
      89
     102
      79
      77
      88
      74
      70
      88
      79
      71
      67
     101
      89
      69
      88
      87
      85
      68
      70
      80
      75
      98
      74
      76
      81
      82
      78
      78
      91
      97
      78
      82
     102
      85
      84
      88
      84
      91
      85
      82
      91
      95
      78
      80
      89
      89
      67
      79
      89
     102
      95
      77
      80
      97
     101
      74
      89
      80
      84
      86
      91
     103
      88
      91
      91
      78
      99
      83
      96
      82
      77
      85
      96
      81
      79
      80
      83
      90
      91
     115
      81
      87
      98
      85
      91
      92
      79
      74
      96
      98
     111
      78
     100
     100
      74
      92
      95
      92
     107
      97
     100
      96
     101
     102
      98
     100
      95
     101
      87
      91
     117
      93
      87
      93
      93
      76
      85
     117
      95
     118
     101
     100
     103
      92
      99
     116
      83
      99
      94
     103
     107
     100
     102
      94
      82
     100
     133
     110
      95
      92
     103
      95
     107
      90
     109
     102
      88
     127
     100
     113
      97
      98
      89
     101
      83
     129
     113
     112
     101
      95
     113
     101
     111
      91
     108
      97
     110
     105
      94
     103
      92
     119
     106
     112
      98
      96
      98
     104
      98
      96
     123
      79
      97
      97
      96
     123
     104
      90
     106
      91
      89
      99
      85
      87
      86
      86
      92
      81
      88
      84
      79
      82
      81
      78
      75
      82
      94
      81
      95
      72
      80
      78
      88
      92
      77
      68
      65
      65
      75
      68
      70
      65
      74
      80
      90
      74
      69
      66
      54
      61
      67
      60
      54
      55
      55
      52
      50
      47
      49
      47
      48
      46
      51
      42
      55
      57
      55
      45
      39
      35
      41
      45
      49
      55
      43
      40
      45
      41
      39
      36
      36
      43
      35
      37
      33
      42
      37
      37
      49
      51
      36
      47
      27
      39
      37
      36
      23
      42
      34
      31
      25
      26
      40
      31
      27
      26
      32
      29
      21
      33
      33
      28
      30
      28
      25
      22
      30
      28
      31
      22
      23
      30
      30
      20
      22
      19
      23
      25
      20
      17
      15
      17
      25
      27
      18
      19
      20
      17
      13
      17
      17
      14
      17
      16
      16
      20
       9
      13
      17
      17
      17
      12
      13
      14
      11
      17
      10
      14
      13
       4
      14
      16
      16
      20
      15
       8
      17
      13
      12
       6
      14
      12
       9
       7
      13
       4
       8
      10
      11
      23
      21
      23
      20
      34
      23
      22
      24
      22
      19
      23
      14
      18
      19
      12
      18
      20
      13
      18
      14
      16
       6
      10
$ROI:
0
$PRESETS:
Live Time
300
0
$ENER_FIT:
0.000000 0.000000
$MCA_CAL:
3
0.000000E+000 0.000000E+000 0.000000E+000 
$SHAPE_CAL:
3
0.000000E+000 0.000000E+000 0.000000E+000
